.Random.seed <-
c(10403L, 38L, 1997522854L, 910840257L, 1701267027L, 862440706L, 
-1382499276L, -100098633L, -528158291L, -456879420L, -335100182L, 
2088839509L, -28623121L, -2015331082L, 505359392L, 1443425763L, 
1398607489L, -627267344L, 1978115982L, -1539204871L, 1921499787L, 
641942202L, 866397628L, 1811568383L, 963484245L, 1211555180L, 
272684482L, 1570461213L, 1959054999L, -1550071810L, 1609651128L, 
675467163L, -1352460807L, -1331653304L, 1948934262L, -545190479L, 
-617368605L, 128741554L, -1847108348L, 2025111111L, -1366537955L, 
325371796L, 1274678074L, -1061365883L, 1275233375L, 1425952486L, 
545158512L, -524697965L, 1277544241L, 93273568L, -1278104962L, 
-1580746487L, -199697605L, -848661750L, 1443846892L, -1313663121L, 
-613459803L, -479718820L, -752393678L, 287656237L, 599887847L, 
1398224654L, -702502680L, 986118891L, 1017615241L, -1331368168L, 
-418115002L, 1620349601L, 1622447411L, 1881468066L, 1302987668L, 
-1553065449L, -6332915L, 1218214692L, 925394698L, 1317874293L, 
1635375567L, 350626518L, -353630592L, -399767357L, 1804592737L, 
927350480L, 1876944942L, 621796825L, 494567915L, -2081979302L, 
828866076L, -2095722721L, 849191797L, -1245771252L, 357993442L, 
-1748584259L, -371153097L, 981675998L, 244882712L, -20500357L, 
-1741314535L, -1244459352L, 110410838L, 1531943121L, 1756513411L, 
690382610L, 491029156L, 2010664551L, 1712570301L, 445067572L, 
1234350746L, 1170518245L, 2122183295L, -181978106L, -365211760L, 
188461619L, -424121903L, 830552960L, 522319454L, -138236503L, 
953842779L, -698915734L, -1080091380L, 2057043791L, -451216379L, 
-1760580L, 152400786L, -1441353587L, 160171719L, -1613148242L, 
-1560905208L, 1420181003L, 1622832873L, -2142400072L, 75640422L, 
-1106171135L, -930316909L, -614361534L, 859834868L, 1236825079L, 
-1011709971L, -717266812L, -98666838L, 420293653L, 1525226671L, 
-279588170L, -139882272L, -435086301L, -1025498303L, 215494192L, 
-1033892786L, -370637639L, 127271115L, 1962634618L, -2046119812L, 
102569151L, 1253892501L, 998238636L, -594461822L, 1784512861L, 
-669663145L, 1968183102L, 986472312L, -110398373L, -1292434503L, 
1805304328L, -1173493578L, 2020659185L, 415922723L, -1689619854L, 
-354260796L, 579403399L, 116373085L, -1483024300L, -1993987462L, 
-1426124347L, -2095430881L, 2032397990L, 1717174320L, -1537367341L, 
-1559734031L, -990911456L, -1942936898L, -1980430647L, -764427141L, 
-401376694L, -1058160980L, -822216273L, -1461464731L, -442499300L, 
-389061774L, -1667178515L, 982650919L, 1126500430L, 1422863528L, 
-133545301L, -1991456823L, 953367512L, 719293062L, 122104673L, 
54669043L, -441126558L, -11046956L, -668058921L, 17580237L, 621623396L, 
-532605366L, 1519428533L, 81280783L, 1441217558L, -1925904704L, 
78307459L, -755508063L, 258568848L, 2110058862L, 918843161L, 
1657316267L, -496627302L, -263445156L, -703734689L, 2018731061L, 
-723869748L, -2104468702L, -1681660547L, -184228233L, 768737182L, 
-754426280L, 2075326395L, 1164941657L, -968486168L, -902952170L, 
-6644591L, -1727811261L, 1021467212L, -747325572L, 892332850L, 
-2112962960L, -41960124L, 645856216L, -827486086L, 1329489456L, 
-1314616644L, -526063788L, -1913300414L, 564702112L, 1296124092L, 
-45211184L, 1363379554L, 149394408L, 1619015628L, 197850876L, 
172150770L, -71820160L, 2063161588L, -958303096L, 1034609978L, 
-1516846256L, 983157868L, -1421442924L, 2125404498L, 277266144L, 
1199812812L, -1135904608L, -797083262L, 720517352L, 1409480940L, 
777369660L, -218873742L, -827742096L, -524025308L, -436485576L, 
-1324365286L, -426626864L, 1931982396L, 1352387732L, 2125862018L, 
-1691957312L, 836234556L, 1617419920L, 643380258L, -1912729592L, 
-79192948L, 13189148L, -863370094L, 918776960L, 918119444L, 1520476968L, 
-1743145926L, 113126608L, -1964845972L, -337758540L, 415989778L, 
-1819492384L, -166679604L, -1703862816L, 824445986L, 1216468264L, 
-1956513524L, -80343492L, 1383318770L, -1280829200L, 978949956L, 
2064257112L, -612081094L, -1719547664L, 2049893052L, -1623406060L, 
1464077506L, -1517496736L, -1300257412L, 548316368L, 1079252002L, 
-1828722520L, 1832050060L, -1521991236L, 723273778L, 1216844608L, 
1199546036L, 1877021000L, 164909754L, 1106943760L, 1109598444L, 
590985300L, -1167997166L, -215268960L, 1415145420L, 1713971040L, 
-1011168062L, 704319016L, 1913989548L, -199498948L, 1633715058L, 
-1446211792L, 1283924004L, -1514578376L, 1194275546L, -1113720944L, 
1390023932L, -322277996L, 1209779010L, 1572669952L, -2144090052L, 
-849911216L, -1145053022L, -1023450296L, 1815706124L, 1490066140L, 
186036306L, 1648036992L, -1351727276L, -1902075928L, -2120846598L, 
272492368L, 956400684L, 2047019380L, 1196543634L, 902513248L, 
-404574068L, -1478733472L, 1404549346L, 986361000L, 1433777868L, 
699824636L, -604361806L, 1814725616L, 1405059524L, -1106592424L, 
-511577734L, 988115376L, -1060214340L, -1990812076L, 735099330L, 
195060512L, -899820612L, 947400784L, -131359774L, -201932952L, 
-1616627892L, 952397564L, 2143741682L, -1220436736L, -392094604L, 
-601321976L, 1463166394L, -634182192L, -648108052L, -37033068L, 
-1237415726L, -1618709408L, 685256012L, 1443091232L, -247608702L, 
-1404808728L, -829547540L, -1792602564L, 1660388978L, 1200024432L, 
-722391772L, -1906632136L, 1587823002L, 1990454736L, -1846622788L, 
254586516L, -371297662L, -954798656L, 605607740L, 908640912L, 
-2063849694L, 888948232L, -1850907892L, 2010452892L, -1022305262L, 
2121739136L, -1033999596L, 912340264L, -1032634310L, 1108505552L, 
-1205929364L, 1880378420L, 1122496658L, -1985046176L, 1046732108L, 
1202238944L, -354509918L, -1500775512L, 1259154572L, -1335303236L, 
1844941938L, 1623435248L, -2009222076L, 678340696L, 1541296186L, 
-1978750864L, -669118916L, -1824356588L, 1774840514L, -1742794016L, 
-1747630980L, -1240027952L, -4586590L, -1932493272L, 1585991948L, 
-1490044996L, 808173874L, 903747776L, -2043022796L, 1622190792L, 
230331066L, 163355792L, -573131028L, 291944020L, -808618350L, 
-730798304L, -20834356L, -1728632608L, 190783170L, 68473896L, 
-6177876L, 106027708L, -1100340750L, -1720176594L, -2113470916L, 
-1554271315L, -1524663209L, 1447852448L, 1421894398L, 1042854347L, 
1192294349L, 337509114L, -2128846536L, 855558881L, 1477148051L, 
-2079332940L, -925927742L, -916744489L, 1592678177L, -804172058L, 
1654081508L, -2141751531L, -195367105L, -1859319080L, -1816465674L, 
-1089255165L, -307979707L, -1803740574L, -618726960L, -1981667591L, 
1979184171L, -1713687652L, -584291382L, 126166207L, 1243039241L, 
-1290580194L, 683685580L, 1191794333L, -1359043801L, 626183504L, 
-756501522L, 1631026331L, -1263249667L, -936239638L, 908881544L, 
-774203343L, -85679453L, -1511298396L, 276937554L, -1103244633L, 
-142594319L, 1561017910L, 1881023188L, 985986661L, 402973807L, 
-1894113624L, 2006662150L, 504416563L, 2130843029L, 1343044082L, 
-1768049088L, -62023767L, -1565779429L, 1251324908L, -1217014790L, 
-247013329L, 355749945L, 1430725198L, -1133075812L, -1890244595L, 
-1136266121L, -1606327168L, 830714590L, 225517995L, -24864083L, 
-1243021542L, -1326096424L, -1734808511L, -973513997L, 699342100L, 
680093858L, -2131876425L, -1221379711L, -923664506L, -49893948L, 
-675705611L, 1717839199L, -1933555784L, 1492380310L, -1677257565L, 
1871294053L, -1508041854L, 1984878832L, 38650009L, -333326197L, 
-213974660L, 272498602L, 1683898335L, 262057321L, -520973954L, 
-842776212L, -305448515L, -856757625L, -1260179856L, -1376488178L, 
-501949893L, -1790271203L, -240069686L, -1810887448L, -1369690159L, 
1261715907L, 162982596L, -1901663886L, 1428714567L, -1048700911L, 
-1468169834L, 2044777716L, -2016371067L, 817395663L, 1304245960L, 
-1750257818L, 1793414547L, 459187957L, -897792302L, 1440944416L, 
-1906654967L, 925918779L, 916831116L, -1751180774L, -1769100657L, 
860583385L, -2113152402L, 1399327228L, 1564289901L, 426439959L, 
-1422343968L, -1618954562L, 1384477835L, 1162674957L, 1672651578L, 
-92234888L, -687249119L, 23708115L, 283488500L, 2056753538L, 
1204622359L, -153189663L, 793689126L, 2049173796L, -68425259L, 
